[gd_scene load_steps=4 format=3 uid="uid://cq3xf6wtt7m6x"]

[ext_resource type="PackedScene" uid="uid://dwyluljtw15dg" path="res://prefabs/Block/Block.tscn" id="1_6mu4w"]
[ext_resource type="Script" path="res://scripts/Skyblox.gd" id="2_sq6b4"]
[ext_resource type="PackedScene" uid="uid://caha4aqr2nnpy" path="res://prefabs/HealHurtBlock/HealHurtVolume.tscn" id="3_lxhyp"]

[node name="Environment" type="Node3D"]

[node name="SpawnPoints" type="Node3D" parent="."]
transform = Transform3D(1, 0, 0, 0, 1, 0, 0, 0, 1, 0, 1, 0)

[node name="Red" type="Node3D" parent="SpawnPoints"]
transform = Transform3D(1, 0, 0, 0, 1, 0, 0, 0, 1, -55.2839, 4.15777, -3.93948)

[node name="Blue" type="Node3D" parent="SpawnPoints"]
transform = Transform3D(1, 0, 0, 0, 1, 0, 0, 0, 1, 58.2697, 2.19532, 0)

[node name="Blue Base" type="Node3D" parent="."]
transform = Transform3D(-1, 0, -8.74228e-08, 0, 1, 0, 8.74228e-08, 0, -1, 0, 0, 0)

[node name="Block8" parent="Blue Base" instance=ExtResource("1_6mu4w")]
transform = Transform3D(1, 0, 0, 0, 1, 0, 0, 0, 1, -51.4165, 1.90735e-06, -3.38834)
color = 3
size = Vector3(20, 1, 20)

[node name="Block9" parent="Blue Base" instance=ExtResource("1_6mu4w")]
transform = Transform3D(1, 0, 0, 0, 1, 0, 0, 0, 1, -48.1801, 0.500002, -3.68181)
color = 1
size = Vector3(1, 10, 10)

[node name="Hallway" type="Node3D" parent="Blue Base"]
transform = Transform3D(1, 0, 0, 0, 1, 0, 0, 0, 1, -26.6661, 0, -4.62662)

[node name="Block4" parent="Blue Base/Hallway" instance=ExtResource("1_6mu4w")]
transform = Transform3D(1, 0, 0, 0, -4.37114e-08, -1, 0, 1, -4.37114e-08, 0.262648, 0, 4.45068)
color = 1
size = Vector3(30, 1, 10)

[node name="Block5" parent="Blue Base/Hallway" instance=ExtResource("1_6mu4w")]
transform = Transform3D(1, 0, 0, 0, -4.37114e-08, -1, 0, 1, -4.37114e-08, 0.262648, 0, -4.76913)
color = 1
size = Vector3(30, 1, 10)

[node name="Block2" parent="Blue Base/Hallway" instance=ExtResource("1_6mu4w")]
transform = Transform3D(1, 0, 0, 0, 1, 0, 0, 0, 1, 0.268013, 0, -0.274178)
color = 3
size = Vector3(30, 1, 10)

[node name="Downstairs" type="Node3D" parent="Blue Base"]
transform = Transform3D(1, 0, 0, 0, 0.996311, -0.0858169, 0, 0.0858169, 0.996311, 0, -1.19595, 0)

[node name="Hallway4" type="Node3D" parent="Blue Base/Downstairs"]
transform = Transform3D(0.0116598, -0.00721398, 0.999907, 0.283617, -0.958883, -0.0102253, 0.958867, 0.28371, -0.00913456, -56.4151, -4.32779, -27.8544)

[node name="Block4" parent="Blue Base/Downstairs/Hallway4" instance=ExtResource("1_6mu4w")]
transform = Transform3D(1, 0, 0, 0, -4.37114e-08, -1, 0, 1, -4.37114e-08, 0.262648, 0, 4.45068)
color = 1
size = Vector3(30, 1, 10)

[node name="Block5" parent="Blue Base/Downstairs/Hallway4" instance=ExtResource("1_6mu4w")]
transform = Transform3D(1, 0, 0, 0, -4.37114e-08, -1, 0, 1, -4.37114e-08, 0.262648, 0, -4.76913)
color = 1
size = Vector3(30, 1, 10)

[node name="Block2" parent="Blue Base/Downstairs/Hallway4" instance=ExtResource("1_6mu4w")]
transform = Transform3D(1, 0, 0, 0, 1, 0, 0, 0, 1, 0.268013, 0, -0.274178)
color = 3
size = Vector3(30, 1, 10)

[node name="Hallway5" type="Node3D" parent="Blue Base/Downstairs"]
transform = Transform3D(0.718607, -0.00318309, 0.69541, 0.0335766, -0.998664, -0.0392678, 0.694606, 0.0515676, -0.717541, -18.3601, -7.88588, -31.8924)

[node name="Block4" parent="Blue Base/Downstairs/Hallway5" instance=ExtResource("1_6mu4w")]
transform = Transform3D(1, 0, 0, 0, -4.37114e-08, -1, 0, 1, -4.37114e-08, 0.262648, 0, 4.45068)
color = 1
size = Vector3(30, 1, 10)

[node name="Block5" parent="Blue Base/Downstairs/Hallway5" instance=ExtResource("1_6mu4w")]
transform = Transform3D(1, 0, 0, 0, -4.37114e-08, -1, 0, 1, -4.37114e-08, 0.262648, 0, -4.76913)
color = 1
size = Vector3(30, 1, 10)

[node name="Block2" parent="Blue Base/Downstairs/Hallway5" instance=ExtResource("1_6mu4w")]
transform = Transform3D(1, 0, 0, 0, 1, 0, 0, 0, 1, 0.268013, 0, -0.274178)
color = 3
size = Vector3(30, 1, 10)

[node name="Block4" parent="Blue Base/Downstairs" instance=ExtResource("1_6mu4w")]
transform = Transform3D(0.99963, -0.0031831, -0.0270295, -0.00457157, -0.998664, -0.0514631, -0.0268299, 0.0515676, -0.998309, -45.0834, -9.11135, -57.0077)
color = 3
size = Vector3(30, 1, 30)

[node name="Block5" parent="Blue Base/Downstairs" instance=ExtResource("1_6mu4w")]
transform = Transform3D(0.725958, -0.0031831, 0.687733, 0.0331573, -0.998664, -0.0396225, 0.68694, 0.0515676, -0.724883, -32.6087, -8.52657, -45.3904)
color = 3
size = Vector3(10, 1, 10)

[node name="Block" parent="Blue Base/Downstairs" instance=ExtResource("1_6mu4w")]
transform = Transform3D(0.716497, 0, -0.69759, 0.059865, 0.996311, 0.0614875, 0.695017, -0.0858169, 0.713854, -43.0139, -8.84679, -55.0458)
color = 1
size = Vector3(1, 10, 10)

[node name="Upstairs" type="Node3D" parent="Blue Base"]

[node name="Hallway2" type="Node3D" parent="Blue Base/Upstairs"]
transform = Transform3D(-0.0153669, -0.0104395, 0.999828, -0.233829, 0.972256, 0.0065578, -0.972156, -0.233688, -0.0173818, -56.1752, 3.55452, 20.7286)

[node name="Block4" parent="Blue Base/Upstairs/Hallway2" instance=ExtResource("1_6mu4w")]
transform = Transform3D(1, 1.86265e-09, -2.98023e-08, 4.47035e-08, -4.23752e-08, -1, -3.72529e-09, 1, -4.42378e-08, 0.26265, 4.76837e-07, 4.45068)
color = 1
size = Vector3(30, 1, 10)

[node name="Block5" parent="Blue Base/Upstairs/Hallway2" instance=ExtResource("1_6mu4w")]
transform = Transform3D(1, 1.86265e-09, -2.98023e-08, 4.47035e-08, -4.23752e-08, -1, -3.72529e-09, 1, -4.42378e-08, 0.262648, 0, -4.76913)
color = 1
size = Vector3(30, 1, 10)

[node name="Block2" parent="Blue Base/Upstairs/Hallway2" instance=ExtResource("1_6mu4w")]
transform = Transform3D(1, 2.98023e-08, 0, 4.47035e-08, 1, 9.31323e-10, -3.72529e-09, 4.65661e-10, 1, 0.268013, 4.76837e-07, -0.27417)
color = 3
size = Vector3(30, 1, 10)

[node name="Hallway3" type="Node3D" parent="Blue Base/Upstairs"]
transform = Transform3D(0.699551, 0, 0.714583, 0, 1, 0, -0.714583, 0, 0.699551, -18.0098, 6.7785, 23.9143)

[node name="Block4" parent="Blue Base/Upstairs/Hallway3" instance=ExtResource("1_6mu4w")]
transform = Transform3D(1, -2.98023e-08, 0, 0, -4.37114e-08, -1, 2.98023e-08, 1, -4.37114e-08, 0.262648, 0, 4.45068)
color = 1
size = Vector3(30, 1, 10)

[node name="Block5" parent="Blue Base/Upstairs/Hallway3" instance=ExtResource("1_6mu4w")]
transform = Transform3D(1, -2.98023e-08, 0, 0, -4.37114e-08, -1, 2.98023e-08, 1, -4.37114e-08, 0.26265, 0, -4.76913)
color = 1
size = Vector3(30, 1, 10)

[node name="Block2" parent="Blue Base/Upstairs/Hallway3" instance=ExtResource("1_6mu4w")]
transform = Transform3D(1, 0, 0, 0, 1, 0, 0, 0, 1, 0.268013, 0, -0.274178)
color = 3
size = Vector3(30, 1, 10)

[node name="Block2" parent="Blue Base/Upstairs" instance=ExtResource("1_6mu4w")]
transform = Transform3D(1, 0, 0, 0, 1, 0, 0, 0, 1, -45.3246, 6.79226, 49.7724)
color = 3
size = Vector3(30, 1, 30)

[node name="Block3" parent="Blue Base/Upstairs" instance=ExtResource("1_6mu4w")]
transform = Transform3D(0.707107, 0, 0.707107, 0, 1, 0, -0.707107, 0, 0.707107, -31.888, 6.76763, 37.8075)
color = 3
size = Vector3(10, 1, 10)

[node name="Block" parent="Blue Base/Upstairs" instance=ExtResource("1_6mu4w")]
transform = Transform3D(0.690226, 0, 0.723594, 0, 1, 0, -0.723594, 0, 0.690226, -37.1654, 7.70942, 42.6867)
color = 1
size = Vector3(1, 10, 10)

[node name="Health_Cabinent4" type="Node3D" parent="Blue Base"]
transform = Transform3D(0.733255, 0, -0.679953, 0, 1, 0, 0.679953, 0, 0.733255, -43.2027, -5.25569, -56.32)

[node name="HealHurtVolume2" parent="Blue Base/Health_Cabinent4" instance=ExtResource("3_lxhyp")]
transform = Transform3D(1, 0, 0, 0, 1, 0, 0, 0, 1, -0.987975, 2.1422, 0.0382771)
affect = 3.0
size = Vector3(2.225, 4.115, 3.345)

[node name="Block2" parent="Blue Base/Health_Cabinent4" instance=ExtResource("1_6mu4w")]
transform = Transform3D(1, 0, 0, 0, 1, 0, 0, 0, 1, -0.540299, 1.52187, -0.0135713)
color = 7
size = Vector3(1, 3, 2)

[node name="Health_Cabinent5" type="Node3D" parent="Blue Base"]
transform = Transform3D(0.704733, 0, 0.709472, 0, 1, 0, -0.709472, 0, 0.704733, -37.7197, 7.1925, 43.0667)

[node name="HealHurtVolume2" parent="Blue Base/Health_Cabinent5" instance=ExtResource("3_lxhyp")]
transform = Transform3D(1, 0, 0, 0, 1, 0, 0, 0, 1, -0.987975, 2.1422, 0.0382771)
affect = 3.0
size = Vector3(2.225, 4.115, 3.345)

[node name="Block2" parent="Blue Base/Health_Cabinent5" instance=ExtResource("1_6mu4w")]
transform = Transform3D(1, 0, 0, 0, 1, 0, 0, 0, 1, -0.540299, 1.52187, -0.0135713)
color = 7
size = Vector3(1, 3, 2)

[node name="Health_Cabinent6" type="Node3D" parent="Blue Base"]
transform = Transform3D(0.999463, 0, 0.0327539, 0, 1, 0, -0.0327539, 0, 0.999463, -49.4317, 0.469232, -4.30839)

[node name="HealHurtVolume2" parent="Blue Base/Health_Cabinent6" instance=ExtResource("3_lxhyp")]
transform = Transform3D(1, 0, 0, 0, 1, 0, 0, 0, 1, -0.987975, 2.1422, 0.0382771)
affect = 3.0
size = Vector3(2.225, 4.115, 3.345)

[node name="Block2" parent="Blue Base/Health_Cabinent6" instance=ExtResource("1_6mu4w")]
transform = Transform3D(1, 0, 0, 0, 1, 0, 0, 0, 1, -0.540299, 1.52187, -0.0135713)
color = 7
size = Vector3(1, 3, 2)

[node name="Red Base" type="Node3D" parent="."]

[node name="Block8" parent="Red Base" instance=ExtResource("1_6mu4w")]
transform = Transform3D(1, 0, 0, 0, 1, 0, 0, 0, 1, -51.4165, 1.90735e-06, -3.38834)
color = 2
size = Vector3(20, 1, 20)

[node name="Block9" parent="Red Base" instance=ExtResource("1_6mu4w")]
transform = Transform3D(1, 0, 0, 0, 1, 0, 0, 0, 1, -48.1801, 0.500002, -3.68181)
color = 0
size = Vector3(1, 10, 10)

[node name="Hallway" type="Node3D" parent="Red Base"]
transform = Transform3D(1, 0, 0, 0, 1, 0, 0, 0, 1, -26.6661, 0, -4.62662)

[node name="Block4" parent="Red Base/Hallway" instance=ExtResource("1_6mu4w")]
transform = Transform3D(1, 0, 0, 0, -4.37114e-08, -1, 0, 1, -4.37114e-08, 0.262648, 0, 4.45068)
color = 0
size = Vector3(30, 1, 10)

[node name="Block5" parent="Red Base/Hallway" instance=ExtResource("1_6mu4w")]
transform = Transform3D(1, 0, 0, 0, -4.37114e-08, -1, 0, 1, -4.37114e-08, 0.262648, 0, -4.76913)
color = 0
size = Vector3(30, 1, 10)

[node name="Block2" parent="Red Base/Hallway" instance=ExtResource("1_6mu4w")]
transform = Transform3D(1, 0, 0, 0, 1, 0, 0, 0, 1, 0.268013, 0, -0.274178)
color = 2
size = Vector3(30, 1, 10)

[node name="Downstairs" type="Node3D" parent="Red Base"]
transform = Transform3D(1, 0, 0, 0, 0.996311, -0.0858169, 0, 0.0858169, 0.996311, 0, -1.19595, 0)

[node name="Hallway4" type="Node3D" parent="Red Base/Downstairs"]
transform = Transform3D(0.0116598, -0.00721398, 0.999907, 0.283617, -0.958883, -0.0102253, 0.958867, 0.28371, -0.00913456, -56.4151, -4.32779, -27.8544)

[node name="Block4" parent="Red Base/Downstairs/Hallway4" instance=ExtResource("1_6mu4w")]
transform = Transform3D(1, 0, 0, 0, -4.37114e-08, -1, 0, 1, -4.37114e-08, 0.262648, 0, 4.45068)
color = 0
size = Vector3(30, 1, 10)

[node name="Block5" parent="Red Base/Downstairs/Hallway4" instance=ExtResource("1_6mu4w")]
transform = Transform3D(1, 0, 0, 0, -4.37114e-08, -1, 0, 1, -4.37114e-08, 0.262648, 0, -4.76913)
color = 0
size = Vector3(30, 1, 10)

[node name="Block2" parent="Red Base/Downstairs/Hallway4" instance=ExtResource("1_6mu4w")]
transform = Transform3D(1, 0, 0, 0, 1, 0, 0, 0, 1, 0.268013, 0, -0.274178)
color = 2
size = Vector3(30, 1, 10)

[node name="Hallway5" type="Node3D" parent="Red Base/Downstairs"]
transform = Transform3D(0.718607, -0.00318309, 0.69541, 0.0335766, -0.998664, -0.0392678, 0.694606, 0.0515676, -0.717541, -18.3601, -7.88588, -31.8924)

[node name="Block4" parent="Red Base/Downstairs/Hallway5" instance=ExtResource("1_6mu4w")]
transform = Transform3D(1, 0, 0, 0, -4.37114e-08, -1, 0, 1, -4.37114e-08, 0.262648, 0, 4.45068)
color = 0
size = Vector3(30, 1, 10)

[node name="Block5" parent="Red Base/Downstairs/Hallway5" instance=ExtResource("1_6mu4w")]
transform = Transform3D(1, 0, 0, 0, -4.37114e-08, -1, 0, 1, -4.37114e-08, 0.262648, 0, -4.76913)
color = 0
size = Vector3(30, 1, 10)

[node name="Block2" parent="Red Base/Downstairs/Hallway5" instance=ExtResource("1_6mu4w")]
transform = Transform3D(1, 0, 0, 0, 1, 0, 0, 0, 1, 0.268013, 0, -0.274178)
color = 2
size = Vector3(30, 1, 10)

[node name="Block4" parent="Red Base/Downstairs" instance=ExtResource("1_6mu4w")]
transform = Transform3D(0.99963, -0.0031831, -0.0270295, -0.00457157, -0.998664, -0.0514631, -0.0268299, 0.0515676, -0.998309, -45.0834, -9.11135, -57.0077)
color = 2
size = Vector3(30, 1, 30)

[node name="Block5" parent="Red Base/Downstairs" instance=ExtResource("1_6mu4w")]
transform = Transform3D(0.725958, -0.0031831, 0.687733, 0.0331573, -0.998664, -0.0396225, 0.68694, 0.0515676, -0.724883, -32.6087, -8.52657, -45.3904)
color = 2
size = Vector3(10, 1, 10)

[node name="Block2" parent="Red Base/Downstairs" instance=ExtResource("1_6mu4w")]
transform = Transform3D(-0.716497, 1.77636e-15, 0.69759, -0.0598651, 0.996311, -0.0614875, -0.695017, -0.0858169, -0.713854, -40.8114, -8.64304, -52.6802)
color = 0
size = Vector3(1, 10, 10)

[node name="Upstairs" type="Node3D" parent="Red Base"]

[node name="Hallway2" type="Node3D" parent="Red Base/Upstairs"]
transform = Transform3D(-0.0153669, -0.0104395, 0.999828, -0.233829, 0.972256, 0.0065578, -0.972156, -0.233688, -0.0173818, -56.1752, 3.55452, 20.7286)

[node name="Block4" parent="Red Base/Upstairs/Hallway2" instance=ExtResource("1_6mu4w")]
transform = Transform3D(1, 0, 0, 0, -4.37114e-08, -1, 0, 1, -4.37114e-08, 0.262648, 0, 4.45068)
color = 0
size = Vector3(30, 1, 10)

[node name="Block5" parent="Red Base/Upstairs/Hallway2" instance=ExtResource("1_6mu4w")]
transform = Transform3D(1, 0, 0, 0, -4.37114e-08, -1, 0, 1, -4.37114e-08, 0.262648, 0, -4.76913)
color = 0
size = Vector3(30, 1, 10)

[node name="Block2" parent="Red Base/Upstairs/Hallway2" instance=ExtResource("1_6mu4w")]
transform = Transform3D(1, 0, 0, 0, 1, 0, 0, 0, 1, 0.268013, 0, -0.274178)
color = 2
size = Vector3(30, 1, 10)

[node name="Hallway3" type="Node3D" parent="Red Base/Upstairs"]
transform = Transform3D(0.699551, 0, 0.714583, 0, 1, 0, -0.714583, 0, 0.699551, -18.0098, 6.7785, 23.9143)

[node name="Block4" parent="Red Base/Upstairs/Hallway3" instance=ExtResource("1_6mu4w")]
transform = Transform3D(1, 0, 0, 0, -4.37114e-08, -1, 0, 1, -4.37114e-08, 0.262648, 0, 4.45068)
color = 0
size = Vector3(30, 1, 10)

[node name="Block5" parent="Red Base/Upstairs/Hallway3" instance=ExtResource("1_6mu4w")]
transform = Transform3D(1, 0, 0, 0, -4.37114e-08, -1, 0, 1, -4.37114e-08, 0.262648, 0, -4.76913)
color = 0
size = Vector3(30, 1, 10)

[node name="Block2" parent="Red Base/Upstairs/Hallway3" instance=ExtResource("1_6mu4w")]
transform = Transform3D(1, 0, 0, 0, 1, 0, 0, 0, 1, 0.268013, 0, -0.274178)
color = 2
size = Vector3(30, 1, 10)

[node name="Block2" parent="Red Base/Upstairs" instance=ExtResource("1_6mu4w")]
transform = Transform3D(1, 0, 0, 0, 1, 0, 0, 0, 1, -45.5044, 6.79226, 49.7724)
color = 2
size = Vector3(30, 1, 30)

[node name="Block3" parent="Red Base/Upstairs" instance=ExtResource("1_6mu4w")]
transform = Transform3D(0.707107, 0, 0.707107, 0, 1, 0, -0.707107, 0, 0.707107, -31.888, 6.76763, 37.8075)
color = 2
size = Vector3(10, 1, 10)

[node name="Block4" parent="Red Base/Upstairs" instance=ExtResource("1_6mu4w")]
transform = Transform3D(-0.690226, 0, -0.723594, 0, 1, 0, 0.723594, 0, -0.690226, -38.2569, 7.70942, 42.9832)
color = 0
size = Vector3(1, 10, 10)

[node name="Health_Cabinent3" type="Node3D" parent="Red Base"]
transform = Transform3D(0.710591, 0, -0.703605, 0, 1, 0, 0.703605, 0, 0.710591, -41.0481, -5.16328, -53.852)

[node name="HealHurtVolume2" parent="Red Base/Health_Cabinent3" instance=ExtResource("3_lxhyp")]
transform = Transform3D(1, 0, 0, 0, 1, 0, 0, 0, 1, -0.987975, 2.1422, 0.0382771)
affect = 3.0
size = Vector3(2.225, 4.115, 3.345)

[node name="Block2" parent="Red Base/Health_Cabinent3" instance=ExtResource("1_6mu4w")]
transform = Transform3D(1, 0, 0, 0, 1, 0, 0, 0, 1, -0.540299, 1.52187, -0.0135713)
color = 7
size = Vector3(1, 3, 2)

[node name="Health_Cabinent2" type="Node3D" parent="Red Base"]
transform = Transform3D(0.727593, 0, 0.686009, 0, 1, 0, -0.686009, 0, 0.727593, -38.8892, 7.45004, 43.5097)

[node name="HealHurtVolume2" parent="Red Base/Health_Cabinent2" instance=ExtResource("3_lxhyp")]
transform = Transform3D(1, 0, 0, 0, 1, 0, 0, 0, 1, -0.987975, 2.1422, 0.0382771)
affect = 3.0
size = Vector3(2.225, 4.115, 3.345)

[node name="Block2" parent="Red Base/Health_Cabinent2" instance=ExtResource("1_6mu4w")]
transform = Transform3D(1, 0, 0, 0, 1, 0, 0, 0, 1, -0.540299, 1.52187, -0.0135713)
color = 7
size = Vector3(1, 3, 2)

[node name="Health_Cabinent" type="Node3D" parent="Red Base"]
transform = Transform3D(1, 0, 0, 0, 1, 0, 0, 0, 1, -49.0278, 0.534302, -3.45029)

[node name="HealHurtVolume2" parent="Red Base/Health_Cabinent" instance=ExtResource("3_lxhyp")]
transform = Transform3D(1, 0, 0, 0, 1, 0, 0, 0, 1, -0.987975, 2.1422, 0.0382771)
affect = 3.0
size = Vector3(2.225, 4.115, 3.345)

[node name="Block2" parent="Red Base/Health_Cabinent" instance=ExtResource("1_6mu4w")]
transform = Transform3D(1, 0, 0, 0, 1, 0, 0, 0, 1, -0.540299, 1.52187, -0.0135713)
color = 7
size = Vector3(1, 3, 2)

[node name="Center" type="Node3D" parent="."]

[node name="Block" parent="Center" instance=ExtResource("1_6mu4w")]
transform = Transform3D(1, 0, 0, 0, 1, 0, 0, 0, 1, -0.0735114, -6.81516, 0.0451084)
color = 5
size = Vector3(22.82, 1, 50)

[node name="Block3" parent="Center" instance=ExtResource("1_6mu4w")]
transform = Transform3D(0.496291, 0, 0.868154, 0, 1, 0, -0.868154, 0, 0.496291, -0.354922, 6.70774, 0.282598)
color = 4
size = Vector3(32.505, 1, 9.315)

[node name="Block2" parent="Center" instance=ExtResource("1_6mu4w")]
transform = Transform3D(0.912513, 0, -0.409047, 0, 1, 0, 0.409047, 0, 0.912513, 0.462433, -0.0348606, 0.244975)
color = 4
size = Vector3(30.075, 1, 9.315)

[node name="Skyblox" type="Node3D" parent="."]
transform = Transform3D(-0.176837, -0.137289, -0.974618, 1.4952e-07, 0.990224, -0.139487, 0.98424, -0.0246666, -0.175108, 0, 0, 0)
script = ExtResource("2_sq6b4")

[node name="Block4" parent="Skyblox" instance=ExtResource("1_6mu4w")]
transform = Transform3D(0.458515, -0.525882, 0.716388, 0.78701, 0.614704, -0.0524781, -0.412769, 0.587867, 0.695726, -193.846, 8.00744, -123.494)
size = Vector3(100, 100, 100)

[node name="Block" parent="Skyblox" instance=ExtResource("1_6mu4w")]
transform = Transform3D(0.441872, 0.883144, -0.157496, -0.825925, 0.331981, -0.455671, -0.350137, 0.331428, 0.876105, -193.846, -56.1344, 25.0205)
size = Vector3(100, 100, 100)

[node name="Block2" parent="Skyblox" instance=ExtResource("1_6mu4w")]
transform = Transform3D(0.100241, -0.493967, 0.863683, 0.927871, 0.359773, 0.0980736, -0.359175, 0.791556, 0.494402, -359.31, 55.3376, 170.777)
size = Vector3(100, 100, 100)

[node name="Block3" parent="Skyblox" instance=ExtResource("1_6mu4w")]
transform = Transform3D(0.932713, -0.256534, 0.253451, 0.288983, 0.952121, -0.0997691, -0.215722, 0.166299, 0.962189, 3.81522, -27.4353, -328.38)
size = Vector3(100, 100, 100)

[node name="Block5" parent="Skyblox" instance=ExtResource("1_6mu4w")]
transform = Transform3D(0.726322, -0.449459, 0.520042, 0.581439, 0.805263, -0.116105, -0.366586, 0.386702, 0.846213, 261.092, 155.533, -7.01816)
size = Vector3(100, 100, 100)

[node name="Block6" parent="Skyblox" instance=ExtResource("1_6mu4w")]
transform = Transform3D(0.657637, 0.64558, -0.388251, -0.480478, 0.75639, 0.443864, 0.580219, -0.105355, 0.807617, 234.146, -14.4762, 200.911)
size = Vector3(100, 100, 100)

[node name="Block7" parent="Skyblox" instance=ExtResource("1_6mu4w")]
transform = Transform3D(1, 0, 0, 0, 0.768261, 0.640136, 0, -0.640136, 0.768261, 11.741, 55.3376, 354.328)
size = Vector3(100, 100, 100)

[node name="Block8" parent="Skyblox" instance=ExtResource("1_6mu4w")]
transform = Transform3D(0.205803, -0.974739, 0.0867745, 0.185887, -0.0481192, -0.981392, 0.960776, 0.218104, 0.171288, -33.3858, 248.791, -15.0115)
size = Vector3(100, 100, 100)

[node name="Block9" parent="Skyblox" instance=ExtResource("1_6mu4w")]
transform = Transform3D(0.879234, 0.242894, -0.409818, -0.101087, -0.74554, -0.658749, -0.465542, 0.620622, -0.630951, -94.6042, 123.332, -96.7628)
size = Vector3(100, 100, 100)

[node name="Block10" parent="Skyblox" instance=ExtResource("1_6mu4w")]
transform = Transform3D(-0.130943, -0.964006, 0.231403, 0.380181, -0.264395, -0.886317, 0.915596, -0.0280817, 0.401117, -341.65, 126.61, -94.1268)
size = Vector3(100, 100, 100)

[node name="Block11" parent="Skyblox" instance=ExtResource("1_6mu4w")]
transform = Transform3D(0.633438, -0.689813, -0.350594, -0.331419, 0.167563, -0.928484, 0.699227, 0.70433, -0.122476, 237.281, 283.422, 73.5571)
size = Vector3(100, 100, 100)

[node name="Block12" parent="Skyblox" instance=ExtResource("1_6mu4w")]
transform = Transform3D(0.451702, -0.886492, -0.100486, -0.0430691, 0.0908327, -0.994934, 0.891129, 0.453742, 0.00284922, 134.737, -96.4099, 292.999)
size = Vector3(100, 100, 100)

[node name="Block13" parent="Skyblox" instance=ExtResource("1_6mu4w")]
transform = Transform3D(0.323998, 0.160953, -0.932266, -0.914963, -0.197258, -0.35204, -0.240559, 0.967049, 0.0833546, 66.3472, -267.627, 95.8406)
size = Vector3(100, 100, 100)

[node name="Block14" parent="Skyblox" instance=ExtResource("1_6mu4w")]
transform = Transform3D(0.685075, 0.0475781, -0.726917, -0.594129, 0.613899, -0.51975, 0.421525, 0.78795, 0.448834, -204.932, -241.949, 35.648)
size = Vector3(100, 100, 100)

[node name="Skyblox" type="Node3D" parent="Skyblox"]
transform = Transform3D(-0.17782, -0.136283, -0.97458, 1.49541e-07, 0.990364, -0.13849, 0.984063, -0.0246264, -0.176106, 0, 0, 0)
script = ExtResource("2_sq6b4")

[node name="Block4" parent="Skyblox/Skyblox" instance=ExtResource("1_6mu4w")]
transform = Transform3D(0.458515, -0.525882, 0.716388, 0.78701, 0.614704, -0.0524781, -0.412769, 0.587867, 0.695726, -193.846, 8.00744, -123.494)
size = Vector3(100, 100, 100)

[node name="Block" parent="Skyblox/Skyblox" instance=ExtResource("1_6mu4w")]
transform = Transform3D(0.441872, 0.883144, -0.157496, -0.825925, 0.331981, -0.455671, -0.350137, 0.331428, 0.876105, -193.846, -56.1344, 25.0205)
size = Vector3(100, 100, 100)

[node name="Block2" parent="Skyblox/Skyblox" instance=ExtResource("1_6mu4w")]
transform = Transform3D(0.100241, -0.493967, 0.863683, 0.927871, 0.359773, 0.0980736, -0.359175, 0.791556, 0.494402, -359.31, 55.3376, 170.777)
size = Vector3(100, 100, 100)

[node name="Block3" parent="Skyblox/Skyblox" instance=ExtResource("1_6mu4w")]
transform = Transform3D(0.932713, -0.256534, 0.253451, 0.288983, 0.952121, -0.0997691, -0.215722, 0.166299, 0.962189, 3.81522, -27.4353, -328.38)
size = Vector3(100, 100, 100)

[node name="Block5" parent="Skyblox/Skyblox" instance=ExtResource("1_6mu4w")]
transform = Transform3D(0.726322, -0.449459, 0.520042, 0.581439, 0.805263, -0.116105, -0.366586, 0.386702, 0.846213, 261.092, 155.533, -7.01816)
size = Vector3(100, 100, 100)

[node name="Block6" parent="Skyblox/Skyblox" instance=ExtResource("1_6mu4w")]
transform = Transform3D(0.657637, 0.64558, -0.388251, -0.480478, 0.75639, 0.443864, 0.580219, -0.105355, 0.807617, 234.146, -14.4762, 200.911)
size = Vector3(100, 100, 100)

[node name="Block7" parent="Skyblox/Skyblox" instance=ExtResource("1_6mu4w")]
transform = Transform3D(1, 0, 0, 0, 0.768261, 0.640136, 0, -0.640136, 0.768261, 11.741, 55.3376, 354.328)
size = Vector3(100, 100, 100)

[node name="Block8" parent="Skyblox/Skyblox" instance=ExtResource("1_6mu4w")]
transform = Transform3D(0.205803, -0.974739, 0.0867745, 0.185887, -0.0481192, -0.981392, 0.960776, 0.218104, 0.171288, -33.3858, 248.791, -15.0115)
size = Vector3(100, 100, 100)

[node name="Block9" parent="Skyblox/Skyblox" instance=ExtResource("1_6mu4w")]
transform = Transform3D(0.879234, 0.242894, -0.409818, -0.101087, -0.74554, -0.658749, -0.465542, 0.620622, -0.630951, -94.6042, 123.332, -96.7628)
size = Vector3(100, 100, 100)

[node name="Block10" parent="Skyblox/Skyblox" instance=ExtResource("1_6mu4w")]
transform = Transform3D(-0.130943, -0.964006, 0.231403, 0.380181, -0.264395, -0.886317, 0.915596, -0.0280817, 0.401117, -341.65, 126.61, -94.1268)
size = Vector3(100, 100, 100)

[node name="Block11" parent="Skyblox/Skyblox" instance=ExtResource("1_6mu4w")]
transform = Transform3D(0.633438, -0.689813, -0.350594, -0.331419, 0.167563, -0.928484, 0.699227, 0.70433, -0.122476, 237.281, 283.422, 73.5571)
size = Vector3(100, 100, 100)

[node name="Block12" parent="Skyblox/Skyblox" instance=ExtResource("1_6mu4w")]
transform = Transform3D(0.451702, -0.886492, -0.100486, -0.0430691, 0.0908327, -0.994934, 0.891129, 0.453742, 0.00284922, 134.737, -96.4099, 292.999)
size = Vector3(100, 100, 100)

[node name="Block13" parent="Skyblox/Skyblox" instance=ExtResource("1_6mu4w")]
transform = Transform3D(0.323998, 0.160953, -0.932266, -0.914963, -0.197258, -0.35204, -0.240559, 0.967049, 0.0833546, 66.3472, -267.627, 95.8406)
size = Vector3(100, 100, 100)

[node name="Block14" parent="Skyblox/Skyblox" instance=ExtResource("1_6mu4w")]
transform = Transform3D(0.685075, 0.0475781, -0.726917, -0.594129, 0.613899, -0.51975, 0.421525, 0.78795, 0.448834, -204.932, -241.949, 35.648)
size = Vector3(100, 100, 100)

[node name="Skyblox2" type="Node3D" parent="."]
transform = Transform3D(0.663934, 0.0476088, 0.746273, 1.50689e-07, 0.997971, -0.063666, -0.747791, 0.0422702, 0.662587, 0, 0, 0)
script = ExtResource("2_sq6b4")

[node name="Block4" parent="Skyblox2" instance=ExtResource("1_6mu4w")]
transform = Transform3D(0.458515, -0.525882, 0.716388, 0.78701, 0.614704, -0.0524781, -0.412769, 0.587867, 0.695726, -193.846, 8.00744, -123.494)
size = Vector3(100, 100, 100)

[node name="Block" parent="Skyblox2" instance=ExtResource("1_6mu4w")]
transform = Transform3D(0.441872, 0.883144, -0.157496, -0.825925, 0.331981, -0.455671, -0.350137, 0.331428, 0.876105, -193.846, -56.1344, 25.0205)
size = Vector3(100, 100, 100)

[node name="Block2" parent="Skyblox2" instance=ExtResource("1_6mu4w")]
transform = Transform3D(0.100241, -0.493967, 0.863683, 0.927871, 0.359773, 0.0980736, -0.359175, 0.791556, 0.494402, -359.31, 55.3376, 170.777)
size = Vector3(100, 100, 100)

[node name="Block3" parent="Skyblox2" instance=ExtResource("1_6mu4w")]
transform = Transform3D(0.932713, -0.256534, 0.253451, 0.288983, 0.952121, -0.0997691, -0.215722, 0.166299, 0.962189, 3.81522, -27.4353, -328.38)
size = Vector3(100, 100, 100)

[node name="Block5" parent="Skyblox2" instance=ExtResource("1_6mu4w")]
transform = Transform3D(0.726322, -0.449459, 0.520042, 0.581439, 0.805263, -0.116105, -0.366586, 0.386702, 0.846213, 261.092, 155.533, -7.01816)
size = Vector3(100, 100, 100)

[node name="Block6" parent="Skyblox2" instance=ExtResource("1_6mu4w")]
transform = Transform3D(0.657637, 0.64558, -0.388251, -0.480478, 0.75639, 0.443864, 0.580219, -0.105355, 0.807617, 234.146, -14.4762, 200.911)
size = Vector3(100, 100, 100)

[node name="Block7" parent="Skyblox2" instance=ExtResource("1_6mu4w")]
transform = Transform3D(1, 0, 0, 0, 0.768261, 0.640136, 0, -0.640136, 0.768261, 11.741, 55.3376, 354.328)
size = Vector3(100, 100, 100)

[node name="Block8" parent="Skyblox2" instance=ExtResource("1_6mu4w")]
transform = Transform3D(0.205803, -0.974739, 0.0867745, 0.185887, -0.0481192, -0.981392, 0.960776, 0.218104, 0.171288, -33.3858, 248.791, -15.0115)
size = Vector3(100, 100, 100)

[node name="Block9" parent="Skyblox2" instance=ExtResource("1_6mu4w")]
transform = Transform3D(0.879234, 0.242894, -0.409818, -0.101087, -0.74554, -0.658749, -0.465542, 0.620622, -0.630951, -94.6042, 123.332, -96.7628)
size = Vector3(100, 100, 100)

[node name="Block10" parent="Skyblox2" instance=ExtResource("1_6mu4w")]
transform = Transform3D(-0.130943, -0.964006, 0.231403, 0.380181, -0.264395, -0.886317, 0.915596, -0.0280817, 0.401117, -341.65, 126.61, -94.1268)
size = Vector3(100, 100, 100)

[node name="Block11" parent="Skyblox2" instance=ExtResource("1_6mu4w")]
transform = Transform3D(0.633438, -0.689813, -0.350594, -0.331419, 0.167563, -0.928484, 0.699227, 0.70433, -0.122476, 237.281, 283.422, 73.5571)
size = Vector3(100, 100, 100)

[node name="Block12" parent="Skyblox2" instance=ExtResource("1_6mu4w")]
transform = Transform3D(0.451702, -0.886492, -0.100486, -0.0430691, 0.0908327, -0.994934, 0.891129, 0.453742, 0.00284922, 134.737, -96.4099, 292.999)
size = Vector3(100, 100, 100)

[node name="Block13" parent="Skyblox2" instance=ExtResource("1_6mu4w")]
transform = Transform3D(0.323998, 0.160953, -0.932266, -0.914963, -0.197258, -0.35204, -0.240559, 0.967049, 0.0833546, 66.3472, -267.627, 95.8406)
size = Vector3(100, 100, 100)

[node name="Block14" parent="Skyblox2" instance=ExtResource("1_6mu4w")]
transform = Transform3D(0.685075, 0.0475781, -0.726917, -0.594129, 0.613899, -0.51975, 0.421525, 0.78795, 0.448834, -204.932, -241.949, 35.648)
size = Vector3(100, 100, 100)

[node name="Skyblox" type="Node3D" parent="Skyblox2"]
transform = Transform3D(-0.17782, -0.136283, -0.97458, 1.49541e-07, 0.990364, -0.13849, 0.984063, -0.0246264, -0.176106, 0, 0, 0)
script = ExtResource("2_sq6b4")

[node name="Block4" parent="Skyblox2/Skyblox" instance=ExtResource("1_6mu4w")]
transform = Transform3D(0.458515, -0.525882, 0.716388, 0.78701, 0.614704, -0.0524781, -0.412769, 0.587867, 0.695726, -193.846, 8.00744, -123.494)
size = Vector3(100, 100, 100)

[node name="Block" parent="Skyblox2/Skyblox" instance=ExtResource("1_6mu4w")]
transform = Transform3D(0.441872, 0.883144, -0.157496, -0.825925, 0.331981, -0.455671, -0.350137, 0.331428, 0.876105, -193.846, -56.1344, 25.0205)
size = Vector3(100, 100, 100)

[node name="Block2" parent="Skyblox2/Skyblox" instance=ExtResource("1_6mu4w")]
transform = Transform3D(0.100241, -0.493967, 0.863683, 0.927871, 0.359773, 0.0980736, -0.359175, 0.791556, 0.494402, -359.31, 55.3376, 170.777)
size = Vector3(100, 100, 100)

[node name="Block3" parent="Skyblox2/Skyblox" instance=ExtResource("1_6mu4w")]
transform = Transform3D(0.932713, -0.256534, 0.253451, 0.288983, 0.952121, -0.0997691, -0.215722, 0.166299, 0.962189, 3.81522, -27.4353, -328.38)
size = Vector3(100, 100, 100)

[node name="Block5" parent="Skyblox2/Skyblox" instance=ExtResource("1_6mu4w")]
transform = Transform3D(0.726322, -0.449459, 0.520042, 0.581439, 0.805263, -0.116105, -0.366586, 0.386702, 0.846213, 261.092, 155.533, -7.01816)
size = Vector3(100, 100, 100)

[node name="Block6" parent="Skyblox2/Skyblox" instance=ExtResource("1_6mu4w")]
transform = Transform3D(0.657637, 0.64558, -0.388251, -0.480478, 0.75639, 0.443864, 0.580219, -0.105355, 0.807617, 234.146, -14.4762, 200.911)
size = Vector3(100, 100, 100)

[node name="Block7" parent="Skyblox2/Skyblox" instance=ExtResource("1_6mu4w")]
transform = Transform3D(1, 0, 0, 0, 0.768261, 0.640136, 0, -0.640136, 0.768261, 11.741, 55.3376, 354.328)
size = Vector3(100, 100, 100)

[node name="Block8" parent="Skyblox2/Skyblox" instance=ExtResource("1_6mu4w")]
transform = Transform3D(0.205803, -0.974739, 0.0867745, 0.185887, -0.0481192, -0.981392, 0.960776, 0.218104, 0.171288, -33.3858, 248.791, -15.0115)
size = Vector3(100, 100, 100)

[node name="Block9" parent="Skyblox2/Skyblox" instance=ExtResource("1_6mu4w")]
transform = Transform3D(0.879234, 0.242894, -0.409818, -0.101087, -0.74554, -0.658749, -0.465542, 0.620622, -0.630951, -94.6042, 123.332, -96.7628)
size = Vector3(100, 100, 100)

[node name="Block10" parent="Skyblox2/Skyblox" instance=ExtResource("1_6mu4w")]
transform = Transform3D(-0.130943, -0.964006, 0.231403, 0.380181, -0.264395, -0.886317, 0.915596, -0.0280817, 0.401117, -341.65, 126.61, -94.1268)
size = Vector3(100, 100, 100)

[node name="Block11" parent="Skyblox2/Skyblox" instance=ExtResource("1_6mu4w")]
transform = Transform3D(0.633438, -0.689813, -0.350594, -0.331419, 0.167563, -0.928484, 0.699227, 0.70433, -0.122476, 237.281, 283.422, 73.5571)
size = Vector3(100, 100, 100)

[node name="Block12" parent="Skyblox2/Skyblox" instance=ExtResource("1_6mu4w")]
transform = Transform3D(0.451702, -0.886492, -0.100486, -0.0430691, 0.0908327, -0.994934, 0.891129, 0.453742, 0.00284922, 134.737, -96.4099, 292.999)
size = Vector3(100, 100, 100)

[node name="Block13" parent="Skyblox2/Skyblox" instance=ExtResource("1_6mu4w")]
transform = Transform3D(0.323998, 0.160953, -0.932266, -0.914963, -0.197258, -0.35204, -0.240559, 0.967049, 0.0833546, 66.3472, -267.627, 95.8406)
size = Vector3(100, 100, 100)

[node name="Block14" parent="Skyblox2/Skyblox" instance=ExtResource("1_6mu4w")]
transform = Transform3D(0.685075, 0.0475781, -0.726917, -0.594129, 0.613899, -0.51975, 0.421525, 0.78795, 0.448834, -204.932, -241.949, 35.648)
size = Vector3(100, 100, 100)

[node name="HealHurtVolume" parent="." instance=ExtResource("3_lxhyp")]
transform = Transform3D(1, 0, 0, 0, 1, 0, 0, 0, 1, 0, -41.0688, 0)
size = Vector3(200, 50, 200)
