[gd_scene load_steps=2 format=3 uid="uid://cq3xf6wtt7m6x"]

[ext_resource type="PackedScene" uid="uid://dwyluljtw15dg" path="res://prefabs/Block.tscn" id="1_xttx2"]

[node name="Environment" type="Node3D"]

[node name="SpawnPoints" type="Node3D" parent="."]
transform = Transform3D(1, 0, 0, 0, 1, 0, 0, 0, 1, 0, 1, 0)

[node name="Node3D" type="Node3D" parent="SpawnPoints"]
transform = Transform3D(1, 0, 0, 0, 1, 0, 0, 0, 1, -55.2839, 4.15777, -3.93948)

[node name="Node3D2" type="Node3D" parent="SpawnPoints"]
transform = Transform3D(1, 0, 0, 0, 1, 0, 0, 0, 1, 58.2697, 2.19532, 0)

[node name="Node3D3" type="Node3D" parent="SpawnPoints"]
transform = Transform3D(1, 0, 0, 0, 1, 0, 0, 0, 1, 50.8278, 10.048, -52.7899)

[node name="Node3D4" type="Node3D" parent="SpawnPoints"]
transform = Transform3D(1, 0, 0, 0, 1, 0, 0, 0, 1, -44.6624, 11.3843, 49.4209)

[node name="Block" parent="." instance=ExtResource("1_xttx2")]
transform = Transform3D(1, 0, 0, 0, 1, 0, 0, 0, 1, -0.0735114, 0, 0.0451084)
color = 4
size = Vector3(22.82, 1, 50)

[node name="Block" parent="Block" instance=ExtResource("1_xttx2")]
transform = Transform3D(1, 0, 0, 0, 1, 0, 0, 0, 1, -0.0735114, -6.7351, 0.0451084)
color = 4
size = Vector3(22.82, 1, 50)

[node name="Blue Base" type="Node3D" parent="."]
transform = Transform3D(-1, 0, -8.74228e-08, 0, 1, 0, 8.74228e-08, 0, -1, 0, 0, 0)

[node name="Block8" parent="Blue Base" instance=ExtResource("1_xttx2")]
transform = Transform3D(1, 0, 0, 0, 1, 0, 0, 0, 1, -51.4165, 1.90735e-06, -3.38834)
color = 3
size = Vector3(20, 1, 20)

[node name="Block9" parent="Blue Base" instance=ExtResource("1_xttx2")]
transform = Transform3D(1, 0, 0, 0, 1, 0, 0, 0, 1, -48.1801, 0.500002, -3.68181)
color = 1
size = Vector3(1, 10, 10)

[node name="Hallway" type="Node3D" parent="Blue Base"]
transform = Transform3D(1, 0, 0, 0, 1, 0, 0, 0, 1, -26.6661, 0, -4.62662)

[node name="Block4" parent="Blue Base/Hallway" instance=ExtResource("1_xttx2")]
transform = Transform3D(1, 0, 0, 0, -4.37114e-08, -1, 0, 1, -4.37114e-08, 0.262648, 0, 4.45068)
color = 1
size = Vector3(30, 1, 10)

[node name="Block5" parent="Blue Base/Hallway" instance=ExtResource("1_xttx2")]
transform = Transform3D(1, 0, 0, 0, -4.37114e-08, -1, 0, 1, -4.37114e-08, 0.262648, 0, -4.76913)
color = 1
size = Vector3(30, 1, 10)

[node name="Block2" parent="Blue Base/Hallway" instance=ExtResource("1_xttx2")]
transform = Transform3D(1, 0, 0, 0, 1, 0, 0, 0, 1, 0.268013, 0, -0.274178)
color = 3
size = Vector3(30, 1, 10)

[node name="Downstairs" type="Node3D" parent="Blue Base"]
transform = Transform3D(1, 0, 0, 0, 0.996311, -0.0858169, 0, 0.0858169, 0.996311, 0, -1.19595, 0)

[node name="Hallway4" type="Node3D" parent="Blue Base/Downstairs"]
transform = Transform3D(0.0116598, -0.00721398, 0.999907, 0.283617, -0.958883, -0.0102253, 0.958867, 0.28371, -0.00913456, -56.4151, -4.32779, -27.8544)

[node name="Block4" parent="Blue Base/Downstairs/Hallway4" instance=ExtResource("1_xttx2")]
transform = Transform3D(1, 0, 0, 0, -4.37114e-08, -1, 0, 1, -4.37114e-08, 0.262648, 0, 4.45068)
color = 1
size = Vector3(30, 1, 10)

[node name="Block5" parent="Blue Base/Downstairs/Hallway4" instance=ExtResource("1_xttx2")]
transform = Transform3D(1, 0, 0, 0, -4.37114e-08, -1, 0, 1, -4.37114e-08, 0.262648, 0, -4.76913)
color = 1
size = Vector3(30, 1, 10)

[node name="Block2" parent="Blue Base/Downstairs/Hallway4" instance=ExtResource("1_xttx2")]
transform = Transform3D(1, 0, 0, 0, 1, 0, 0, 0, 1, 0.268013, 0, -0.274178)
color = 3
size = Vector3(30, 1, 10)

[node name="Hallway5" type="Node3D" parent="Blue Base/Downstairs"]
transform = Transform3D(0.718607, -0.00318309, 0.69541, 0.0335766, -0.998664, -0.0392678, 0.694606, 0.0515676, -0.717541, -18.3601, -7.88588, -31.8924)

[node name="Block4" parent="Blue Base/Downstairs/Hallway5" instance=ExtResource("1_xttx2")]
transform = Transform3D(1, 0, 0, 0, -4.37114e-08, -1, 0, 1, -4.37114e-08, 0.262648, 0, 4.45068)
color = 1
size = Vector3(30, 1, 10)

[node name="Block5" parent="Blue Base/Downstairs/Hallway5" instance=ExtResource("1_xttx2")]
transform = Transform3D(1, 0, 0, 0, -4.37114e-08, -1, 0, 1, -4.37114e-08, 0.262648, 0, -4.76913)
color = 1
size = Vector3(30, 1, 10)

[node name="Block2" parent="Blue Base/Downstairs/Hallway5" instance=ExtResource("1_xttx2")]
transform = Transform3D(1, 0, 0, 0, 1, 0, 0, 0, 1, 0.268013, 0, -0.274178)
color = 3
size = Vector3(30, 1, 10)

[node name="Block4" parent="Blue Base/Downstairs" instance=ExtResource("1_xttx2")]
transform = Transform3D(0.99963, -0.0031831, -0.0270295, -0.00457157, -0.998664, -0.0514631, -0.0268299, 0.0515676, -0.998309, -45.0834, -9.11135, -57.0077)
color = 3
size = Vector3(30, 1, 30)

[node name="Block5" parent="Blue Base/Downstairs" instance=ExtResource("1_xttx2")]
transform = Transform3D(0.725958, -0.0031831, 0.687733, 0.0331573, -0.998664, -0.0396225, 0.68694, 0.0515676, -0.724883, -32.6087, -8.52657, -45.3904)
color = 3
size = Vector3(10, 1, 10)

[node name="Upstairs" type="Node3D" parent="Blue Base"]

[node name="Hallway2" type="Node3D" parent="Blue Base/Upstairs"]
transform = Transform3D(-0.0153669, -0.0104395, 0.999828, -0.233829, 0.972256, 0.0065578, -0.972156, -0.233688, -0.0173818, -56.1752, 3.55452, 20.7286)

[node name="Block4" parent="Blue Base/Upstairs/Hallway2" instance=ExtResource("1_xttx2")]
transform = Transform3D(1, 1.86265e-09, -2.98023e-08, 4.47035e-08, -4.23752e-08, -1, -3.72529e-09, 1, -4.42378e-08, 0.26265, 4.76837e-07, 4.45068)
color = 1
size = Vector3(30, 1, 10)

[node name="Block5" parent="Blue Base/Upstairs/Hallway2" instance=ExtResource("1_xttx2")]
transform = Transform3D(1, 1.86265e-09, -2.98023e-08, 4.47035e-08, -4.23752e-08, -1, -3.72529e-09, 1, -4.42378e-08, 0.262648, 0, -4.76913)
color = 1
size = Vector3(30, 1, 10)

[node name="Block2" parent="Blue Base/Upstairs/Hallway2" instance=ExtResource("1_xttx2")]
transform = Transform3D(1, 2.98023e-08, 0, 4.47035e-08, 1, 9.31323e-10, -3.72529e-09, 4.65661e-10, 1, 0.268013, 4.76837e-07, -0.27417)
color = 3
size = Vector3(30, 1, 10)

[node name="Hallway3" type="Node3D" parent="Blue Base/Upstairs"]
transform = Transform3D(0.699551, 0, 0.714583, 0, 1, 0, -0.714583, 0, 0.699551, -18.0098, 6.7785, 23.9143)

[node name="Block4" parent="Blue Base/Upstairs/Hallway3" instance=ExtResource("1_xttx2")]
transform = Transform3D(1, -2.98023e-08, 0, 0, -4.37114e-08, -1, 2.98023e-08, 1, -4.37114e-08, 0.262648, 0, 4.45068)
color = 1
size = Vector3(30, 1, 10)

[node name="Block5" parent="Blue Base/Upstairs/Hallway3" instance=ExtResource("1_xttx2")]
transform = Transform3D(1, -2.98023e-08, 0, 0, -4.37114e-08, -1, 2.98023e-08, 1, -4.37114e-08, 0.26265, 0, -4.76913)
color = 1
size = Vector3(30, 1, 10)

[node name="Block2" parent="Blue Base/Upstairs/Hallway3" instance=ExtResource("1_xttx2")]
transform = Transform3D(1, 0, 0, 0, 1, 0, 0, 0, 1, 0.268013, 0, -0.274178)
color = 3
size = Vector3(30, 1, 10)

[node name="Block2" parent="Blue Base/Upstairs" instance=ExtResource("1_xttx2")]
transform = Transform3D(1, 0, 0, 0, 1, 0, 0, 0, 1, -44.0436, 6.79226, 49.7724)
color = 3
size = Vector3(30, 1, 30)

[node name="Block3" parent="Blue Base/Upstairs" instance=ExtResource("1_xttx2")]
transform = Transform3D(0.707107, 0, 0.707107, 0, 1, 0, -0.707107, 0, 0.707107, -31.888, 6.76763, 37.8075)
color = 3
size = Vector3(10, 1, 10)

[node name="Red Base" type="Node3D" parent="."]

[node name="Block8" parent="Red Base" instance=ExtResource("1_xttx2")]
transform = Transform3D(1, 0, 0, 0, 1, 0, 0, 0, 1, -51.4165, 1.90735e-06, -3.38834)
color = 2
size = Vector3(20, 1, 20)

[node name="Block9" parent="Red Base" instance=ExtResource("1_xttx2")]
transform = Transform3D(1, 0, 0, 0, 1, 0, 0, 0, 1, -48.1801, 0.500002, -3.68181)
color = 0
size = Vector3(1, 10, 10)

[node name="Hallway" type="Node3D" parent="Red Base"]
transform = Transform3D(1, 0, 0, 0, 1, 0, 0, 0, 1, -26.6661, 0, -4.62662)

[node name="Block4" parent="Red Base/Hallway" instance=ExtResource("1_xttx2")]
transform = Transform3D(1, 0, 0, 0, -4.37114e-08, -1, 0, 1, -4.37114e-08, 0.262648, 0, 4.45068)
color = 0
size = Vector3(30, 1, 10)

[node name="Block5" parent="Red Base/Hallway" instance=ExtResource("1_xttx2")]
transform = Transform3D(1, 0, 0, 0, -4.37114e-08, -1, 0, 1, -4.37114e-08, 0.262648, 0, -4.76913)
color = 0
size = Vector3(30, 1, 10)

[node name="Block2" parent="Red Base/Hallway" instance=ExtResource("1_xttx2")]
transform = Transform3D(1, 0, 0, 0, 1, 0, 0, 0, 1, 0.268013, 0, -0.274178)
color = 2
size = Vector3(30, 1, 10)

[node name="Downstairs" type="Node3D" parent="Red Base"]
transform = Transform3D(1, 0, 0, 0, 0.996311, -0.0858169, 0, 0.0858169, 0.996311, 0, -1.19595, 0)

[node name="Hallway4" type="Node3D" parent="Red Base/Downstairs"]
transform = Transform3D(0.0116598, -0.00721398, 0.999907, 0.283617, -0.958883, -0.0102253, 0.958867, 0.28371, -0.00913456, -56.4151, -4.32779, -27.8544)

[node name="Block4" parent="Red Base/Downstairs/Hallway4" instance=ExtResource("1_xttx2")]
transform = Transform3D(1, 0, 0, 0, -4.37114e-08, -1, 0, 1, -4.37114e-08, 0.262648, 0, 4.45068)
color = 0
size = Vector3(30, 1, 10)

[node name="Block5" parent="Red Base/Downstairs/Hallway4" instance=ExtResource("1_xttx2")]
transform = Transform3D(1, 0, 0, 0, -4.37114e-08, -1, 0, 1, -4.37114e-08, 0.262648, 0, -4.76913)
color = 0
size = Vector3(30, 1, 10)

[node name="Block2" parent="Red Base/Downstairs/Hallway4" instance=ExtResource("1_xttx2")]
transform = Transform3D(1, 0, 0, 0, 1, 0, 0, 0, 1, 0.268013, 0, -0.274178)
color = 2
size = Vector3(30, 1, 10)

[node name="Hallway5" type="Node3D" parent="Red Base/Downstairs"]
transform = Transform3D(0.718607, -0.00318309, 0.69541, 0.0335766, -0.998664, -0.0392678, 0.694606, 0.0515676, -0.717541, -18.3601, -7.88588, -31.8924)

[node name="Block4" parent="Red Base/Downstairs/Hallway5" instance=ExtResource("1_xttx2")]
transform = Transform3D(1, 0, 0, 0, -4.37114e-08, -1, 0, 1, -4.37114e-08, 0.262648, 0, 4.45068)
color = 0
size = Vector3(30, 1, 10)

[node name="Block5" parent="Red Base/Downstairs/Hallway5" instance=ExtResource("1_xttx2")]
transform = Transform3D(1, 0, 0, 0, -4.37114e-08, -1, 0, 1, -4.37114e-08, 0.262648, 0, -4.76913)
color = 0
size = Vector3(30, 1, 10)

[node name="Block2" parent="Red Base/Downstairs/Hallway5" instance=ExtResource("1_xttx2")]
transform = Transform3D(1, 0, 0, 0, 1, 0, 0, 0, 1, 0.268013, 0, -0.274178)
color = 2
size = Vector3(30, 1, 10)

[node name="Block4" parent="Red Base/Downstairs" instance=ExtResource("1_xttx2")]
transform = Transform3D(0.99963, -0.0031831, -0.0270295, -0.00457157, -0.998664, -0.0514631, -0.0268299, 0.0515676, -0.998309, -45.0834, -9.11135, -57.0077)
color = 2
size = Vector3(30, 1, 30)

[node name="Block5" parent="Red Base/Downstairs" instance=ExtResource("1_xttx2")]
transform = Transform3D(0.725958, -0.0031831, 0.687733, 0.0331573, -0.998664, -0.0396225, 0.68694, 0.0515676, -0.724883, -32.6087, -8.52657, -45.3904)
color = 2
size = Vector3(10, 1, 10)

[node name="Upstairs" type="Node3D" parent="Red Base"]

[node name="Hallway2" type="Node3D" parent="Red Base/Upstairs"]
transform = Transform3D(-0.0153669, -0.0104395, 0.999828, -0.233829, 0.972256, 0.0065578, -0.972156, -0.233688, -0.0173818, -56.1752, 3.55452, 20.7286)

[node name="Block4" parent="Red Base/Upstairs/Hallway2" instance=ExtResource("1_xttx2")]
transform = Transform3D(1, 0, 0, 0, -4.37114e-08, -1, 0, 1, -4.37114e-08, 0.262648, 0, 4.45068)
color = 0
size = Vector3(30, 1, 10)

[node name="Block5" parent="Red Base/Upstairs/Hallway2" instance=ExtResource("1_xttx2")]
transform = Transform3D(1, 0, 0, 0, -4.37114e-08, -1, 0, 1, -4.37114e-08, 0.262648, 0, -4.76913)
color = 0
size = Vector3(30, 1, 10)

[node name="Block2" parent="Red Base/Upstairs/Hallway2" instance=ExtResource("1_xttx2")]
transform = Transform3D(1, 0, 0, 0, 1, 0, 0, 0, 1, 0.268013, 0, -0.274178)
color = 2
size = Vector3(30, 1, 10)

[node name="Hallway3" type="Node3D" parent="Red Base/Upstairs"]
transform = Transform3D(0.699551, 0, 0.714583, 0, 1, 0, -0.714583, 0, 0.699551, -18.0098, 6.7785, 23.9143)

[node name="Block4" parent="Red Base/Upstairs/Hallway3" instance=ExtResource("1_xttx2")]
transform = Transform3D(1, 0, 0, 0, -4.37114e-08, -1, 0, 1, -4.37114e-08, 0.262648, 0, 4.45068)
color = 0
size = Vector3(30, 1, 10)

[node name="Block5" parent="Red Base/Upstairs/Hallway3" instance=ExtResource("1_xttx2")]
transform = Transform3D(1, 0, 0, 0, -4.37114e-08, -1, 0, 1, -4.37114e-08, 0.262648, 0, -4.76913)
color = 0
size = Vector3(30, 1, 10)

[node name="Block2" parent="Red Base/Upstairs/Hallway3" instance=ExtResource("1_xttx2")]
transform = Transform3D(1, 0, 0, 0, 1, 0, 0, 0, 1, 0.268013, 0, -0.274178)
color = 2
size = Vector3(30, 1, 10)

[node name="Block2" parent="Red Base/Upstairs" instance=ExtResource("1_xttx2")]
transform = Transform3D(1, 0, 0, 0, 1, 0, 0, 0, 1, -44.0436, 6.79226, 49.7724)
color = 2
size = Vector3(30, 1, 30)

[node name="Block3" parent="Red Base/Upstairs" instance=ExtResource("1_xttx2")]
transform = Transform3D(0.707107, 0, 0.707107, 0, 1, 0, -0.707107, 0, 0.707107, -31.888, 6.76763, 37.8075)
color = 2
size = Vector3(10, 1, 10)
